25
72
347
416
452
471
809
972
1466
1467
1825
1857
2357
2372
2481
2592
2596
2613
2813
2839
2943
3020
3366
3388
4248
4371
4423
4456
4505
4536
4662
4742
5273
5506
5676
6035
6276
6403
6537
6556
6557
6594
6757
6845
7105
7242
7269
7340
7428
7445
7522
7698
7842
7969
8136
8279
8637
9111
9184
9257
9421
9461
9479
9668
9822
9909
9937
10049
10089
10400
10532
10570
10646
10785
10892
11014
11045
11181
11315
11412
11590
11707
11782
11787
11788
12046
12348
12410
12441
12565
12641
12753
12842
13271
13342
13464
13559
13570
13582
13603
13632
13651
13816
13817
13819
13935
14353
14385
14390
14639
14831
14894
14898
14967
15267
15685
15871
15907
16033
16054
16113
16422
16449
16580
16688
16689
17501
17503
17512
17514
17701
17871
17894
18532
18633
18637
18855
18902
19036
19067
19068
19246
19513
19605
19627
19693
